1850    0.013
1851    0.011
1852    0.009
1853    0.007
1854    0.005
1855    0.003
1856    0.001
1857   -0.001
1858   -0.003
1859   -0.005
1860   -0.006
1861   -0.008
1862   -0.010
1863   -0.012
1864   -0.014
1865   -0.017
1866   -0.020
1867   -0.023
1868   -0.027
1869   -0.031
1870   -0.035
1871   -0.040
1872   -0.044
1873   -0.049
1874   -0.052
1875   -0.056
1876   -0.058
1877   -0.061
1878   -0.063
1879   -0.065
1880   -0.067
1881   -0.068
1882   -0.069
1883   -0.070
1884   -0.072
1885   -0.073
1886   -0.074
1887   -0.076
1888   -0.078
1889   -0.080
1890   -0.081
1891   -0.083
1892   -0.086
1893   -0.087
1894   -0.089
1895   -0.091
1896   -0.093
1897   -0.096
1898   -0.098
1899   -0.100
1900   -0.102
1901   -0.105
1902   -0.107
1903   -0.109
1904   -0.111
1905   -0.113
1906   -0.114
1907   -0.114
1908   -0.113
1909   -0.112
1910   -0.110
1911   -0.107
1912   -0.103
1913   -0.100
1914   -0.096
1915   -0.091
1916   -0.087
1917   -0.083
1918   -0.079
1919   -0.075
1920   -0.072
1921   -0.069
1922   -0.067
1923   -0.064
1924   -0.062
1925   -0.059
1926   -0.057
1927   -0.054
1928   -0.051
1929   -0.048
1930   -0.045
1931   -0.041
1932   -0.037
1933   -0.033
1934   -0.029
1935   -0.026
1936   -0.022
1937   -0.019
1938   -0.016
1939   -0.014
1940   -0.012
1941   -0.011
1942   -0.011
1943   -0.012
1944   -0.014
1945   -0.017
1946   -0.021
1947   -0.025
1948   -0.030
1949   -0.036
1950   -0.043
1951   -0.049
1952   -0.055
1953   -0.061
1954   -0.066
1955   -0.071
1956   -0.075
1957   -0.078
1958   -0.080
1959   -0.081
1960   -0.081
1961   -0.081
1962   -0.079
1963   -0.076
1964   -0.072
1965   -0.066
1966   -0.059
1967   -0.050
1968   -0.040
1969   -0.029
1970   -0.017
1971   -0.005
1972    0.007
1973    0.019
1974    0.031
1975    0.042
1976    0.053
1977    0.063
1978    0.073
1979    0.082
1980    0.091
1981    0.099
1982    0.108
1983    0.117
1984    0.127
1985    0.136
1986    0.146
1987    0.156
1988    0.165
1989    0.175
1990    0.184
1991    0.192
1992    0.200
1993    0.207
1994    0.213
1995    0.218
1996    0.222
1997    0.226
1998    0.230
1999    0.234
2000    0.238
2001    0.244
2002    0.252
2003    0.262
2004    0.273
2005    0.280
2006    0.290
2007    0.298
2008    0.308
2009    0.318
2010    0.329
2011    0.340
2012    0.353
2013    0.367
2014    0.382
2015    0.397
2016    0.413
2017    0.429
2018    0.446
2019    0.463
2020    0.480
2021    0.498
2022    0.516
2023    0.534
2024    0.552
2025    0.571
2026    0.589
2027    0.606
2028    0.623
2029    0.639
2030    0.654
2031    0.667
2032    0.679
2033    0.690
2034    0.701
2035    0.710
2036    0.720
2037    0.728
2038    0.737
2039    0.745
2040    0.753
2041    0.760
2042    0.767
2043    0.773
2044    0.780
2045    0.786
2046    0.792
2047    0.799
2048    0.805
2049    0.811
2050    0.818
2051    0.824
2052    0.831
2053    0.838
2054    0.844
2055    0.851
2056    0.858
2057    0.864
2058    0.871
2059    0.877
2060    0.883
2061    0.888
2062    0.893
2063    0.897
2064    0.902
2065    0.906
2066    0.910
2067    0.915
2068    0.919
2069    0.923
2070    0.928
2071    0.932
2072    0.937
2073    0.942
2074    0.947
2075    0.952
2076    0.957
2077    0.963
2078    0.969
2079    0.976
2080    0.984
2081    0.992
2082    1.001
2083    1.011
2084    1.021
2085    1.032
2086    1.043
2087    1.054
2088    1.066
2089    1.078
2090    1.090
2091    1.103
2092    1.116
2093    1.129
2094    1.142
2095    1.156
2096    1.169
2097    1.181
2098    1.193
2099    1.204
2100    1.213
2101    1.226
2102    1.226
2103    1.226
2104    1.226
2105    1.226
2106    1.226
2107    1.226
2108    1.226
2109    1.226
2110    1.226
2111    1.226
2112    1.226
2113    1.226
2114    1.226
2115    1.226
2116    1.226
2117    1.226
2118    1.226
2119    1.226
2120    1.226
2121    1.226
2122    1.226
2123    1.226
2124    1.226
2125    1.226
2126    1.226
2127    1.226
2128    1.226
2129    1.226
2130    1.226
2131    1.226
2132    1.226
2133    1.226
2134    1.226
2135    1.226
2136    1.226
2137    1.226
2138    1.226
2139    1.226
2140    1.226
2141    1.226
2142    1.226
2143    1.226
2144    1.226
2145    1.226
2146    1.226
2147    1.226
2148    1.226
2149    1.226
2150    1.226
2151    1.226
2152    1.226
2153    1.226
2154    1.226
2155    1.226
2156    1.226
2157    1.226
2158    1.226
2159    1.226
2160    1.226
2161    1.226
2162    1.226
2163    1.226
2164    1.226
2165    1.226
2166    1.226
2167    1.226
2168    1.226
2169    1.226
2170    1.226
2171    1.226
2172    1.226
2173    1.226
2174    1.226
2175    1.226
2176    1.226
2177    1.226
2178    1.226
2179    1.226
2180    1.226
2181    1.226
2182    1.226
2183    1.226
2184    1.226
2185    1.226
2186    1.226
2187    1.226
2188    1.226
2189    1.226
2190    1.226
2191    1.226
2192    1.226
2193    1.226
2194    1.226
2195    1.226
2196    1.226
2197    1.226
2198    1.226
2199    1.226
2200    1.226
2201    1.226
2202    1.226
2203    1.226
2204    1.226
2205    1.226
2206    1.226
2207    1.226
2208    1.226
2209    1.226
2210    1.226
2211    1.226
2212    1.226
2213    1.226
2214    1.226
2215    1.226
2216    1.226
2217    1.226
2218    1.226
2219    1.226
2220    1.226
2221    1.226
2222    1.226
2223    1.226
2224    1.226
2225    1.226
2226    1.226
2227    1.226
2228    1.226
2229    1.226
2230    1.226
2231    1.226
2232    1.226
2233    1.226
2234    1.226
2235    1.226
2236    1.226
2237    1.226
2238    1.226
2239    1.226
2240    1.226
2241    1.226
2242    1.226
2243    1.226
2244    1.226
2245    1.226
2246    1.226
2247    1.226
2248    1.226
2249    1.226
2250    1.226
2251    1.226
2252    1.226
2253    1.226
2254    1.226
2255    1.226
2256    1.226
2257    1.226
2258    1.226
2259    1.226
2260    1.226
2261    1.226
2262    1.226
2263    1.226
2264    1.226
2265    1.226
2266    1.226
2267    1.226
2268    1.226
2269    1.226
2270    1.226
2271    1.226
2272    1.226
2273    1.226
2274    1.226
2275    1.226
2276    1.226
2277    1.226
2278    1.226
2279    1.226
2280    1.226
2281    1.226
2282    1.226
2283    1.226
2284    1.226
2285    1.226
2286    1.226
2287    1.226
2288    1.226
2289    1.226
2290    1.226
2291    1.226
2292    1.226
2293    1.226
2294    1.226
2295    1.226
2296    1.226
2297    1.226
2298    1.226
2299    1.226
2300    1.226
