1850  284.725
1851  284.873
1852  285.021
1853  285.169
1854  285.316
1855  285.463
1856  285.609
1857  285.755
1858  285.901
1859  286.047
1860  286.195
1861  286.345
1862  286.498
1863  286.655
1864  286.819
1865  286.989
1866  287.168
1867  287.357
1868  287.557
1869  287.768
1870  287.992
1871  288.227
1872  288.474
1873  288.733
1874  289.003
1875  289.283
1876  289.571
1877  289.868
1878  290.171
1879  290.479
1880  290.791
1881  291.104
1882  291.418
1883  291.730
1884  292.038
1885  292.341
1886  292.638
1887  292.927
1888  293.207
1889  293.480
1890  293.744
1891  294.002
1892  294.254
1893  294.502
1894  294.749
1895  294.997
1896  295.248
1897  295.505
1898  295.769
1899  296.043
1900  296.326
1901  296.619
1902  296.923
1903  297.236
1904  297.558
1905  297.888
1906  298.224
1907  298.565
1908  298.910
1909  299.258
1910  299.608
1911  299.960
1912  300.313
1913  300.668
1914  301.025
1915  301.384
1916  301.745
1917  302.109
1918  302.477
1919  302.848
1920  303.222
1921  303.599
1922  303.978
1923  304.359
1924  304.739
1925  305.119
1926  305.496
1927  305.869
1928  306.237
1929  306.598
1930  306.951
1931  307.293
1932  307.623
1933  307.940
1934  308.243
1935  308.529
1936  308.799
1937  309.052
1938  309.288
1939  309.510
1940  309.718
1941  309.916
1942  310.108
1943  310.299
1944  310.493
1945  310.695
1946  310.912
1947  311.147
1948  311.407
1949  311.695
1950  312.013
1951  312.366
1952  312.754
1953  313.179
1954  313.641
1955  314.142
1956  314.681
1957  315.258
1958  315.872
1959  316.524
1960  317.213
1961  317.940
1962  318.705
1963  319.507
1964  320.348
1965  321.228
1966  322.149
1967  323.109
1968  324.110
1969  325.151
1970  326.232
1971  327.353
1972  328.512
1973  329.709
1974  330.940
1975  332.206
1976  333.504
1977  334.832
1978  336.188
1979  337.569
1980  338.973
1981  340.399
1982  341.843
1983  343.303
1984  344.778
1985  346.264
1986  347.760
1987  349.265
1988  350.777
1989  352.298
1990  353.827
1991  355.365
1992  356.915
1993  358.479
1994  360.060
1995  361.663
1996  363.294
1997  364.957
1998  366.662
1999  368.415
2000  370.222
2001  372.089
2002  374.017
2003  376.006
2004  378.053
2005  380.098
2006  382.156
2007  384.230
2008  386.333
2009  388.472
2010  390.653
2011  392.881
2012  395.155
2013  397.472
2014  399.827
2015  402.220
2016  404.651
2017  407.127
2018  409.656
2019  412.249
2020  414.912
2021  417.649
2022  420.456
2023  423.328
2024  426.254
2025  429.227
2026  432.242
2027  435.300
2028  438.406
2029  441.566
2030  444.785
2031  448.066
2032  451.405
2033  454.796
2034  458.228
2035  461.693
2036  465.181
2037  468.686
2038  472.204
2039  475.735
2040  479.279
2041  482.835
2042  486.404
2043  489.984
2044  493.575
2045  497.179
2046  500.799
2047  504.439
2048  508.104
2049  511.801
2050  515.532
2051  519.301
2052  523.104
2053  526.940
2054  530.802
2055  534.686
2056  538.590
2057  542.512
2058  546.454
2059  550.418
2060  554.406
2061  558.418
2062  562.454
2063  566.512
2064  570.590
2065  574.686
2066  578.802
2067  582.940
2068  587.104
2069  591.301
2070  595.532
2071  599.801
2072  604.105
2073  608.442
2074  612.810
2075  617.206
2076  621.634
2077  626.098
2078  630.605
2079  635.166
2080  639.785
2081  644.466
2082  649.206
2083  653.999
2084  658.839
2085  663.720
2086  668.639
2087  673.599
2088  678.606
2089  683.666
2090  688.785
2091  693.964
2092  699.193
2093  704.448
2094  709.687
2095  714.856
2096  719.863
2097  724.682
2098  729.123
2099  733.533
2100  736.965
2101  742.153
2102  742.153
2103  742.153
2104  742.153
2105  742.153
2106  742.153
2107  742.153
2108  742.153
2109  742.153
2110  742.153
2111  742.153
2112  742.153
2113  742.153
2114  742.153
2115  742.153
2116  742.153
2117  742.153
2118  742.153
2119  742.153
2120  742.153
2121  742.153
2122  742.153
2123  742.153
2124  742.153
2125  742.153
2126  742.153
2127  742.153
2128  742.153
2129  742.153
2130  742.153
2131  742.153
2132  742.153
2133  742.153
2134  742.153
2135  742.153
2136  742.153
2137  742.153
2138  742.153
2139  742.153
2140  742.153
2141  742.153
2142  742.153
2143  742.153
2144  742.153
2145  742.153
2146  742.153
2147  742.153
2148  742.153
2149  742.153
2150  742.153
2151  742.153
2152  742.153
2153  742.153
2154  742.153
2155  742.153
2156  742.153
2157  742.153
2158  742.153
2159  742.153
2160  742.153
2161  742.153
2162  742.153
2163  742.153
2164  742.153
2165  742.153
2166  742.153
2167  742.153
2168  742.153
2169  742.153
2170  742.153
2171  742.153
2172  742.153
2173  742.153
2174  742.153
2175  742.153
2176  742.153
2177  742.153
2178  742.153
2179  742.153
2180  742.153
2181  742.153
2182  742.153
2183  742.153
2184  742.153
2185  742.153
2186  742.153
2187  742.153
2188  742.153
2189  742.153
2190  742.153
2191  742.153
2192  742.153
2193  742.153
2194  742.153
2195  742.153
2196  742.153
2197  742.153
2198  742.153
2199  742.153
2200  742.153
2201  742.153
2202  742.153
2203  742.153
2204  742.153
2205  742.153
2206  742.153
2207  742.153
2208  742.153
2209  742.153
2210  742.153
2211  742.153
2212  742.153
2213  742.153
2214  742.153
2215  742.153
2216  742.153
2217  742.153
2218  742.153
2219  742.153
2220  742.153
2221  742.153
2222  742.153
2223  742.153
2224  742.153
2225  742.153
2226  742.153
2227  742.153
2228  742.153
2229  742.153
2230  742.153
2231  742.153
2232  742.153
2233  742.153
2234  742.153
2235  742.153
2236  742.153
2237  742.153
2238  742.153
2239  742.153
2240  742.153
2241  742.153
2242  742.153
2243  742.153
2244  742.153
2245  742.153
2246  742.153
2247  742.153
2248  742.153
2249  742.153
2250  742.153
2251  742.153
2252  742.153
2253  742.153
2254  742.153
2255  742.153
2256  742.153
2257  742.153
2258  742.153
2259  742.153
2260  742.153
2261  742.153
2262  742.153
2263  742.153
2264  742.153
2265  742.153
2266  742.153
2267  742.153
2268  742.153
2269  742.153
2270  742.153
2271  742.153
2272  742.153
2273  742.153
2274  742.153
2275  742.153
2276  742.153
2277  742.153
2278  742.153
2279  742.153
2280  742.153
2281  742.153
2282  742.153
2283  742.153
2284  742.153
2285  742.153
2286  742.153
2287  742.153
2288  742.153
2289  742.153
2290  742.153
2291  742.153
2292  742.153
2293  742.153
2294  742.153
2295  742.153
2296  742.153
2297  742.153
2298  742.153
2299  742.153
2300  742.153
