1850  790.900  275.425
1851  792.334  275.522
1852  793.768  275.620
1853  795.205  275.718
1854  796.645  275.815
1855  798.090  275.913
1856  799.543  276.010
1857  801.005  276.108
1858  802.479  276.205
1859  803.965  276.303
1860  805.465  276.400
1861  806.978  276.498
1862  808.504  276.595
1863  810.042  276.692
1864  811.590  276.788
1865  813.147  276.884
1866  814.712  276.980
1867  816.285  277.074
1868  817.863  277.167
1869  819.446  277.259
1870  821.034  277.349
1871  822.627  277.438
1872  824.225  277.526
1873  825.830  277.613
1874  827.445  277.699
1875  829.072  277.784
1876  830.716  277.870
1877  832.381  277.955
1878  834.070  278.040
1879  835.785  278.126
1880  837.529  278.213
1881  839.303  278.299
1882  841.106  278.387
1883  842.938  278.474
1884  844.803  278.561
1885  846.700  278.648
1886  848.634  278.734
1887  850.607  278.819
1888  852.624  278.903
1889  854.687  278.985
1890  856.800  279.065
1891  858.965  279.144
1892  861.190  279.222
1893  863.484  279.299
1894  865.863  279.376
1895  868.348  279.454
1896  870.962  279.533
1897  873.730  279.615
1898  876.673  279.701
1899  879.805  279.790
1900  883.135  279.883
1901  886.660  279.981
1902  890.373  280.084
1903  894.261  280.191
1904  898.312  280.303
1905  902.514  280.421
1906  906.856  280.545
1907  911.332  280.676
1908  915.935  280.814
1909  920.661  280.960
1910  925.502  281.113
1911  930.450  281.274
1912  935.497  281.442
1913  940.634  281.615
1914  945.851  281.795
1915  951.140  281.979
1916  956.495  282.167
1917  961.910  282.358
1918  967.380  282.551
1919  972.901  282.748
1920  978.467  282.945
1921  984.071  283.145
1922  989.707  283.345
1923  995.366  283.546
1924 1001.038  283.747
1925 1006.712  283.947
1926 1012.374  284.146
1927 1018.014  284.344
1928 1023.619  284.539
1929 1029.183  284.732
1930 1034.701  284.923
1931 1040.173  285.111
1932 1045.604  285.298
1933 1051.002  285.483
1934 1056.380  285.667
1935 1061.751  285.852
1936 1067.132  286.038
1937 1072.536  286.227
1938 1077.976  286.419
1939 1083.466  286.615
1940 1089.016  286.816
1941 1094.643  287.022
1942 1100.365  287.231
1943 1106.210  287.445
1944 1112.214  287.663
1945 1118.422  287.883
1946 1124.884  288.107
1947 1131.649  288.333
1948 1138.760  288.562
1949 1146.245  288.792
1950 1154.121  289.025
1951 1162.386  289.260
1952 1171.033  289.497
1953 1180.049  289.738
1954 1189.426  289.984
1955 1199.166  290.236
1956 1209.276  290.496
1957 1219.772  290.765
1958 1230.668  291.046
1959 1241.976  291.340
1960 1253.695  291.647
1961 1265.812  291.969
1962 1278.308  292.304
1963 1291.156  292.654
1964 1304.332  293.019
1965 1317.815  293.401
1966 1331.591  293.802
1967 1345.653  294.223
1968 1359.994  294.667
1969 1374.606  295.134
1970 1389.477  295.625
1971 1404.584  296.139
1972 1419.898  296.676
1973 1435.379  297.235
1974 1450.981  297.815
1975 1466.652  298.416
1976 1482.343  299.037
1977 1498.005  299.678
1978 1513.597  300.341
1979 1529.084  301.024
1980 1544.434  301.728
1981 1559.619  302.450
1982 1574.599  303.188
1983 1589.320  303.938
1984 1603.709  304.698
1985 1617.671  305.461
1986 1631.098  306.223
1987 1643.880  306.980
1988 1655.923  307.728
1989 1667.160  308.465
1990 1677.558  309.189
1991 1687.119  309.899
1992 1695.871  310.597
1993 1703.860  311.285
1994 1711.137  311.967
1995 1717.753  312.646
1996 1723.761  313.326
1997 1729.229  314.012
1998 1734.250  314.705
1999 1738.951  315.409
2000 1743.495  316.124
2001 1748.073  316.851
2002 1752.879  317.588
2003 1758.084  318.334
2004 1763.814  319.087
2005 1769.813  319.886
2006 1775.807  320.670
2007 1781.975  321.462
2008 1788.351  322.254
2009 1795.016  323.049
2010 1802.017  323.846
2011 1809.371  324.644
2012 1817.042  325.443
2013 1824.922  326.242
2014 1832.815  327.038
2015 1840.415  327.830
2016 1847.314  328.614
2017 1853.028  329.387
2018 1857.047  330.143
2019 1858.909  330.878
2020 1858.301  331.590
2021 1855.107  332.278
2022 1849.430  332.943
2023 1841.559  333.587
2024 1831.907  334.214
2025 1820.898  334.830
2026 1808.889  335.438
2027 1796.133  336.042
2028 1782.764  336.643
2029 1768.822  337.243
2030 1754.310  337.843
2031 1739.232  338.443
2032 1723.633  339.043
2033 1707.611  339.643
2034 1691.322  340.243
2035 1674.981  340.843
2036 1658.841  341.443
2037 1643.178  342.043
2038 1628.263  342.643
2039 1614.330  343.243
2040 1601.534  343.843
2041 1589.932  344.443
2042 1579.476  345.043
2043 1570.026  345.643
2044 1561.386  346.243
2045 1553.344  346.843
2046 1545.712  347.443
2047 1538.347  348.043
2048 1531.157  348.643
2049 1524.096  349.243
2050 1517.144  349.843
2051 1510.294  350.443
2052 1503.541  351.043
2053 1496.884  351.643
2054 1490.324  352.243
2055 1483.873  352.843
2056 1477.562  353.443
2057 1471.435  354.043
2058 1465.545  354.643
2059 1459.946  355.243
2060 1454.675  355.843
2061 1449.746  356.443
2062 1445.147  357.043
2063 1440.843  357.643
2064 1436.787  358.241
2065 1432.934  358.837
2066 1429.255  359.429
2067 1425.740  360.015
2068 1422.395  360.593
2069 1419.237  361.161
2070 1416.283  361.717
2071 1413.537  362.261
2072 1410.989  362.793
2073 1408.616  363.315
2074 1406.383  363.829
2075 1404.252  364.337
2076 1402.192  364.841
2077 1400.175  365.343
2078 1398.186  365.843
2079 1396.215  366.343
2080 1394.258  366.843
2081 1392.314  367.343
2082 1390.381  367.843
2083 1388.456  368.343
2084 1386.535  368.841
2085 1384.611  369.337
2086 1382.676  369.829
2087 1380.719  370.315
2088 1378.730  370.793
2089 1376.701  371.261
2090 1374.625  371.717
2091 1372.502  372.161
2092 1370.335  372.592
2093 1368.137  373.011
2094 1365.932  373.419
2095 1363.745  373.812
2096 1361.620  374.189
2097 1359.571  374.548
2098 1357.681  374.878
2099 1355.802  375.205
2100 1354.341  375.459
2101 1352.131  375.843
2102 1352.131  375.843
2103 1352.131  375.843
2104 1352.131  375.843
2105 1352.131  375.843
2106 1352.131  375.843
2107 1352.131  375.843
2108 1352.131  375.843
2109 1352.131  375.843
2110 1352.131  375.843
2111 1352.131  375.843
2112 1352.131  375.843
2113 1352.131  375.843
2114 1352.131  375.843
2115 1352.131  375.843
2116 1352.131  375.843
2117 1352.131  375.843
2118 1352.131  375.843
2119 1352.131  375.843
2120 1352.131  375.843
2121 1352.131  375.843
2122 1352.131  375.843
2123 1352.131  375.843
2124 1352.131  375.843
2125 1352.131  375.843
2126 1352.131  375.843
2127 1352.131  375.843
2128 1352.131  375.843
2129 1352.131  375.843
2130 1352.131  375.843
2131 1352.131  375.843
2132 1352.131  375.843
2133 1352.131  375.843
2134 1352.131  375.843
2135 1352.131  375.843
2136 1352.131  375.843
2137 1352.131  375.843
2138 1352.131  375.843
2139 1352.131  375.843
2140 1352.131  375.843
2141 1352.131  375.843
2142 1352.131  375.843
2143 1352.131  375.843
2144 1352.131  375.843
2145 1352.131  375.843
2146 1352.131  375.843
2147 1352.131  375.843
2148 1352.131  375.843
2149 1352.131  375.843
2150 1352.131  375.843
2151 1352.131  375.843
2152 1352.131  375.843
2153 1352.131  375.843
2154 1352.131  375.843
2155 1352.131  375.843
2156 1352.131  375.843
2157 1352.131  375.843
2158 1352.131  375.843
2159 1352.131  375.843
2160 1352.131  375.843
2161 1352.131  375.843
2162 1352.131  375.843
2163 1352.131  375.843
2164 1352.131  375.843
2165 1352.131  375.843
2166 1352.131  375.843
2167 1352.131  375.843
2168 1352.131  375.843
2169 1352.131  375.843
2170 1352.131  375.843
2171 1352.131  375.843
2172 1352.131  375.843
2173 1352.131  375.843
2174 1352.131  375.843
2175 1352.131  375.843
2176 1352.131  375.843
2177 1352.131  375.843
2178 1352.131  375.843
2179 1352.131  375.843
2180 1352.131  375.843
2181 1352.131  375.843
2182 1352.131  375.843
2183 1352.131  375.843
2184 1352.131  375.843
2185 1352.131  375.843
2186 1352.131  375.843
2187 1352.131  375.843
2188 1352.131  375.843
2189 1352.131  375.843
2190 1352.131  375.843
2191 1352.131  375.843
2192 1352.131  375.843
2193 1352.131  375.843
2194 1352.131  375.843
2195 1352.131  375.843
2196 1352.131  375.843
2197 1352.131  375.843
2198 1352.131  375.843
2199 1352.131  375.843
2200 1352.131  375.843
2201 1352.131  375.843
2202 1352.131  375.843
2203 1352.131  375.843
2204 1352.131  375.843
2205 1352.131  375.843
2206 1352.131  375.843
2207 1352.131  375.843
2208 1352.131  375.843
2209 1352.131  375.843
2210 1352.131  375.843
2211 1352.131  375.843
2212 1352.131  375.843
2213 1352.131  375.843
2214 1352.131  375.843
2215 1352.131  375.843
2216 1352.131  375.843
2217 1352.131  375.843
2218 1352.131  375.843
2219 1352.131  375.843
2220 1352.131  375.843
2221 1352.131  375.843
2222 1352.131  375.843
2223 1352.131  375.843
2224 1352.131  375.843
2225 1352.131  375.843
2226 1352.131  375.843
2227 1352.131  375.843
2228 1352.131  375.843
2229 1352.131  375.843
2230 1352.131  375.843
2231 1352.131  375.843
2232 1352.131  375.843
2233 1352.131  375.843
2234 1352.131  375.843
2235 1352.131  375.843
2236 1352.131  375.843
2237 1352.131  375.843
2238 1352.131  375.843
2239 1352.131  375.843
2240 1352.131  375.843
2241 1352.131  375.843
2242 1352.131  375.843
2243 1352.131  375.843
2244 1352.131  375.843
2245 1352.131  375.843
2246 1352.131  375.843
2247 1352.131  375.843
2248 1352.131  375.843
2249 1352.131  375.843
2250 1352.131  375.843
2251 1352.131  375.843
2252 1352.131  375.843
2253 1352.131  375.843
2254 1352.131  375.843
2255 1352.131  375.843
2256 1352.131  375.843
2257 1352.131  375.843
2258 1352.131  375.843
2259 1352.131  375.843
2260 1352.131  375.843
2261 1352.131  375.843
2262 1352.131  375.843
2263 1352.131  375.843
2264 1352.131  375.843
2265 1352.131  375.843
2266 1352.131  375.843
2267 1352.131  375.843
2268 1352.131  375.843
2269 1352.131  375.843
2270 1352.131  375.843
2271 1352.131  375.843
2272 1352.131  375.843
2273 1352.131  375.843
2274 1352.131  375.843
2275 1352.131  375.843
2276 1352.131  375.843
2277 1352.131  375.843
2278 1352.131  375.843
2279 1352.131  375.843
2280 1352.131  375.843
2281 1352.131  375.843
2282 1352.131  375.843
2283 1352.131  375.843
2284 1352.131  375.843
2285 1352.131  375.843
2286 1352.131  375.843
2287 1352.131  375.843
2288 1352.131  375.843
2289 1352.131  375.843
2290 1352.131  375.843
2291 1352.131  375.843
2292 1352.131  375.843
2293 1352.131  375.843
2294 1352.131  375.843
2295 1352.131  375.843
2296 1352.131  375.843
2297 1352.131  375.843
2298 1352.131  375.843
2299 1352.131  375.843
2300 1352.131  375.843
