1850  284.725
1851  284.873
1852  285.021
1853  285.169
1854  285.316
1855  285.463
1856  285.609
1857  285.755
1858  285.901
1859  286.047
1860  286.195
1861  286.345
1862  286.498
1863  286.655
1864  286.819
1865  286.989
1866  287.168
1867  287.357
1868  287.557
1869  287.768
1870  287.992
1871  288.227
1872  288.474
1873  288.733
1874  289.003
1875  289.283
1876  289.571
1877  289.868
1878  290.171
1879  290.479
1880  290.791
1881  291.104
1882  291.418
1883  291.730
1884  292.038
1885  292.341
1886  292.638
1887  292.927
1888  293.207
1889  293.480
1890  293.744
1891  294.002
1892  294.254
1893  294.502
1894  294.749
1895  294.997
1896  295.248
1897  295.505
1898  295.769
1899  296.043
1900  296.326
1901  296.619
1902  296.923
1903  297.236
1904  297.558
1905  297.888
1906  298.224
1907  298.565
1908  298.910
1909  299.258
1910  299.608
1911  299.960
1912  300.313
1913  300.668
1914  301.025
1915  301.384
1916  301.745
1917  302.109
1918  302.477
1919  302.848
1920  303.222
1921  303.599
1922  303.978
1923  304.359
1924  304.739
1925  305.119
1926  305.496
1927  305.869
1928  306.237
1929  306.598
1930  306.951
1931  307.293
1932  307.623
1933  307.940
1934  308.243
1935  308.529
1936  308.799
1937  309.052
1938  309.288
1939  309.510
1940  309.718
1941  309.916
1942  310.108
1943  310.299
1944  310.493
1945  310.695
1946  310.912
1947  311.147
1948  311.407
1949  311.695
1950  312.013
1951  312.366
1952  312.754
1953  313.179
1954  313.641
1955  314.142
1956  314.681
1957  315.258
1958  315.872
1959  316.524
1960  317.213
1961  317.940
1962  318.705
1963  319.507
1964  320.348
1965  321.228
1966  322.149
1967  323.109
1968  324.110
1969  325.151
1970  326.232
1971  327.353
1972  328.512
1973  329.709
1974  330.940
1975  332.206
1976  333.504
1977  334.832
1978  336.188
1979  337.569
1980  338.973
1981  340.399
1982  341.843
1983  343.303
1984  344.778
1985  346.264
1986  347.760
1987  349.265
1988  350.777
1989  352.298
1990  353.827
1991  355.365
1992  356.915
1993  358.479
1994  360.060
1995  361.663
1996  363.294
1997  364.957
1998  366.662
1999  368.415
2000  370.222
2001  372.089
2002  374.017
2003  376.006
2004  378.053
2005  380.092
2006  382.142
2007  384.202
2008  386.283
2009  388.389
2010  390.527
2011  392.698
2012  394.901
2013  397.131
2014  399.375
2015  401.619
2016  403.844
2017  406.028
2018  408.150
2019  410.191
2020  412.140
2021  413.991
2022  415.746
2023  417.412
2024  418.995
2025  420.498
2026  421.912
2027  423.219
2028  424.394
2029  425.413
2030  426.254
2031  426.913
2032  427.394
2033  427.719
2034  427.912
2035  427.998
2036  427.995
2037  427.912
2038  427.746
2039  427.491
2040  427.140
2041  426.691
2042  426.148
2043  425.522
2044  424.828
2045  424.079
2046  423.287
2047  422.460
2048  421.600
2049  420.704
2050  419.773
2051  418.805
2052  417.801
2053  416.766
2054  415.706
2055  414.626
2056  413.530
2057  412.421
2058  411.301
2059  410.170
2060  409.026
2061  407.870
2062  406.703
2063  405.526
2064  404.343
2065  403.159
2066  401.979
2067  400.809
2068  399.653
2069  398.518
2070  397.406
2071  396.318
2072  395.254
2073  394.210
2074  393.185
2075  392.173
2076  391.173
2077  390.183
2078  389.203
2079  388.235
2080  387.279
2081  386.335
2082  385.403
2083  384.483
2084  383.573
2085  382.673
2086  381.785
2087  380.910
2088  380.054
2089  379.218
2090  378.406
2091  377.618
2092  376.855
2093  376.116
2094  375.400
2095  374.709
2096  374.049
2097  373.420
2098  372.842
2099  372.270
2100  371.825
2101  371.153
2102  371.153
2103  371.153
2104  371.153
2105  371.153
2106  371.153
2107  371.153
2108  371.153
2109  371.153
2110  371.153
2111  371.153
2112  371.153
2113  371.153
2114  371.153
2115  371.153
2116  371.153
2117  371.153
2118  371.153
2119  371.153
2120  371.153
2121  371.153
2122  371.153
2123  371.153
2124  371.153
2125  371.153
2126  371.153
2127  371.153
2128  371.153
2129  371.153
2130  371.153
2131  371.153
2132  371.153
2133  371.153
2134  371.153
2135  371.153
2136  371.153
2137  371.153
2138  371.153
2139  371.153
2140  371.153
2141  371.153
2142  371.153
2143  371.153
2144  371.153
2145  371.153
2146  371.153
2147  371.153
2148  371.153
2149  371.153
2150  371.153
2151  371.153
2152  371.153
2153  371.153
2154  371.153
2155  371.153
2156  371.153
2157  371.153
2158  371.153
2159  371.153
2160  371.153
2161  371.153
2162  371.153
2163  371.153
2164  371.153
2165  371.153
2166  371.153
2167  371.153
2168  371.153
2169  371.153
2170  371.153
2171  371.153
2172  371.153
2173  371.153
2174  371.153
2175  371.153
2176  371.153
2177  371.153
2178  371.153
2179  371.153
2180  371.153
2181  371.153
2182  371.153
2183  371.153
2184  371.153
2185  371.153
2186  371.153
2187  371.153
2188  371.153
2189  371.153
2190  371.153
2191  371.153
2192  371.153
2193  371.153
2194  371.153
2195  371.153
2196  371.153
2197  371.153
2198  371.153
2199  371.153
2200  371.153
2201  371.153
2202  371.153
2203  371.153
2204  371.153
2205  371.153
2206  371.153
2207  371.153
2208  371.153
2209  371.153
2210  371.153
2211  371.153
2212  371.153
2213  371.153
2214  371.153
2215  371.153
2216  371.153
2217  371.153
2218  371.153
2219  371.153
2220  371.153
2221  371.153
2222  371.153
2223  371.153
2224  371.153
2225  371.153
2226  371.153
2227  371.153
2228  371.153
2229  371.153
2230  371.153
2231  371.153
2232  371.153
2233  371.153
2234  371.153
2235  371.153
2236  371.153
2237  371.153
2238  371.153
2239  371.153
2240  371.153
2241  371.153
2242  371.153
2243  371.153
2244  371.153
2245  371.153
2246  371.153
2247  371.153
2248  371.153
2249  371.153
2250  371.153
2251  371.153
2252  371.153
2253  371.153
2254  371.153
2255  371.153
2256  371.153
2257  371.153
2258  371.153
2259  371.153
2260  371.153
2261  371.153
2262  371.153
2263  371.153
2264  371.153
2265  371.153
2266  371.153
2267  371.153
2268  371.153
2269  371.153
2270  371.153
2271  371.153
2272  371.153
2273  371.153
2274  371.153
2275  371.153
2276  371.153
2277  371.153
2278  371.153
2279  371.153
2280  371.153
2281  371.153
2282  371.153
2283  371.153
2284  371.153
2285  371.153
2286  371.153
2287  371.153
2288  371.153
2289  371.153
2290  371.153
2291  371.153
2292  371.153
2293  371.153
2294  371.153
2295  371.153
2296  371.153
2297  371.153
2298  371.153
2299  371.153
2300  371.153
