1850    0.013
1851    0.011
1852    0.009
1853    0.007
1854    0.005
1855    0.003
1856    0.001
1857   -0.001
1858   -0.003
1859   -0.005
1860   -0.006
1861   -0.008
1862   -0.010
1863   -0.012
1864   -0.014
1865   -0.017
1866   -0.020
1867   -0.023
1868   -0.027
1869   -0.031
1870   -0.035
1871   -0.040
1872   -0.044
1873   -0.049
1874   -0.052
1875   -0.056
1876   -0.058
1877   -0.061
1878   -0.063
1879   -0.065
1880   -0.067
1881   -0.068
1882   -0.069
1883   -0.070
1884   -0.072
1885   -0.073
1886   -0.074
1887   -0.076
1888   -0.078
1889   -0.080
1890   -0.081
1891   -0.083
1892   -0.086
1893   -0.087
1894   -0.089
1895   -0.091
1896   -0.093
1897   -0.096
1898   -0.098
1899   -0.100
1900   -0.102
1901   -0.105
1902   -0.107
1903   -0.109
1904   -0.111
1905   -0.113
1906   -0.114
1907   -0.114
1908   -0.113
1909   -0.112
1910   -0.110
1911   -0.107
1912   -0.103
1913   -0.100
1914   -0.096
1915   -0.091
1916   -0.087
1917   -0.083
1918   -0.079
1919   -0.075
1920   -0.072
1921   -0.069
1922   -0.067
1923   -0.064
1924   -0.062
1925   -0.059
1926   -0.057
1927   -0.054
1928   -0.051
1929   -0.048
1930   -0.045
1931   -0.041
1932   -0.037
1933   -0.033
1934   -0.029
1935   -0.026
1936   -0.022
1937   -0.019
1938   -0.016
1939   -0.014
1940   -0.012
1941   -0.011
1942   -0.011
1943   -0.012
1944   -0.014
1945   -0.017
1946   -0.021
1947   -0.025
1948   -0.030
1949   -0.036
1950   -0.043
1951   -0.049
1952   -0.055
1953   -0.061
1954   -0.066
1955   -0.071
1956   -0.075
1957   -0.078
1958   -0.080
1959   -0.081
1960   -0.081
1961   -0.081
1962   -0.079
1963   -0.076
1964   -0.072
1965   -0.066
1966   -0.059
1967   -0.050
1968   -0.040
1969   -0.029
1970   -0.017
1971   -0.005
1972    0.007
1973    0.019
1974    0.031
1975    0.042
1976    0.053
1977    0.063
1978    0.073
1979    0.082
1980    0.091
1981    0.099
1982    0.108
1983    0.117
1984    0.127
1985    0.136
1986    0.146
1987    0.156
1988    0.165
1989    0.175
1990    0.184
1991    0.192
1992    0.200
1993    0.207
1994    0.213
1995    0.218
1996    0.222
1997    0.226
1998    0.230
1999    0.234
2000    0.238
2001    0.244
2002    0.252
2003    0.262
2004    0.273
2005    0.281
2006    0.291
2007    0.301
2008    0.312
2009    0.324
2010    0.339
2011    0.355
2012    0.373
2013    0.393
2014    0.415
2015    0.437
2016    0.459
2017    0.481
2018    0.502
2019    0.522
2020    0.540
2021    0.557
2022    0.572
2023    0.585
2024    0.598
2025    0.609
2026    0.619
2027    0.628
2028    0.636
2029    0.641
2030    0.645
2031    0.646
2032    0.646
2033    0.643
2034    0.640
2035    0.635
2036    0.630
2037    0.624
2038    0.618
2039    0.611
2040    0.605
2041    0.598
2042    0.592
2043    0.585
2044    0.578
2045    0.572
2046    0.565
2047    0.559
2048    0.553
2049    0.547
2050    0.543
2051    0.538
2052    0.535
2053    0.532
2054    0.529
2055    0.527
2056    0.524
2057    0.522
2058    0.520
2059    0.517
2060    0.515
2061    0.512
2062    0.510
2063    0.507
2064    0.504
2065    0.501
2066    0.499
2067    0.496
2068    0.493
2069    0.491
2070    0.489
2071    0.487
2072    0.485
2073    0.484
2074    0.483
2075    0.482
2076    0.480
2077    0.480
2078    0.479
2079    0.478
2080    0.478
2081    0.477
2082    0.477
2083    0.477
2084    0.476
2085    0.476
2086    0.476
2087    0.477
2088    0.477
2089    0.477
2090    0.478
2091    0.478
2092    0.479
2093    0.480
2094    0.480
2095    0.481
2096    0.482
2097    0.483
2098    0.484
2099    0.485
2100    0.485
2101    0.486
2102    0.486
2103    0.486
2104    0.486
2105    0.486
2106    0.486
2107    0.486
2108    0.486
2109    0.486
2110    0.486
2111    0.486
2112    0.486
2113    0.486
2114    0.486
2115    0.486
2116    0.486
2117    0.486
2118    0.486
2119    0.486
2120    0.486
2121    0.486
2122    0.486
2123    0.486
2124    0.486
2125    0.486
2126    0.486
2127    0.486
2128    0.486
2129    0.486
2130    0.486
2131    0.486
2132    0.486
2133    0.486
2134    0.486
2135    0.486
2136    0.486
2137    0.486
2138    0.486
2139    0.486
2140    0.486
2141    0.486
2142    0.486
2143    0.486
2144    0.486
2145    0.486
2146    0.486
2147    0.486
2148    0.486
2149    0.486
2150    0.486
2151    0.486
2152    0.486
2153    0.486
2154    0.486
2155    0.486
2156    0.486
2157    0.486
2158    0.486
2159    0.486
2160    0.486
2161    0.486
2162    0.486
2163    0.486
2164    0.486
2165    0.486
2166    0.486
2167    0.486
2168    0.486
2169    0.486
2170    0.486
2171    0.486
2172    0.486
2173    0.486
2174    0.486
2175    0.486
2176    0.486
2177    0.486
2178    0.486
2179    0.486
2180    0.486
2181    0.486
2182    0.486
2183    0.486
2184    0.486
2185    0.486
2186    0.486
2187    0.486
2188    0.486
2189    0.486
2190    0.486
2191    0.486
2192    0.486
2193    0.486
2194    0.486
2195    0.486
2196    0.486
2197    0.486
2198    0.486
2199    0.486
2200    0.486
2201    0.486
2202    0.486
2203    0.486
2204    0.486
2205    0.486
2206    0.486
2207    0.486
2208    0.486
2209    0.486
2210    0.486
2211    0.486
2212    0.486
2213    0.486
2214    0.486
2215    0.486
2216    0.486
2217    0.486
2218    0.486
2219    0.486
2220    0.486
2221    0.486
2222    0.486
2223    0.486
2224    0.486
2225    0.486
2226    0.486
2227    0.486
2228    0.486
2229    0.486
2230    0.486
2231    0.486
2232    0.486
2233    0.486
2234    0.486
2235    0.486
2236    0.486
2237    0.486
2238    0.486
2239    0.486
2240    0.486
2241    0.486
2242    0.486
2243    0.486
2244    0.486
2245    0.486
2246    0.486
2247    0.486
2248    0.486
2249    0.486
2250    0.486
2251    0.486
2252    0.486
2253    0.486
2254    0.486
2255    0.486
2256    0.486
2257    0.486
2258    0.486
2259    0.486
2260    0.486
2261    0.486
2262    0.486
2263    0.486
2264    0.486
2265    0.486
2266    0.486
2267    0.486
2268    0.486
2269    0.486
2270    0.486
2271    0.486
2272    0.486
2273    0.486
2274    0.486
2275    0.486
2276    0.486
2277    0.486
2278    0.486
2279    0.486
2280    0.486
2281    0.486
2282    0.486
2283    0.486
2284    0.486
2285    0.486
2286    0.486
2287    0.486
2288    0.486
2289    0.486
2290    0.486
2291    0.486
2292    0.486
2293    0.486
2294    0.486
2295    0.486
2296    0.486
2297    0.486
2298    0.486
2299    0.486
2300    0.486
