1850  790.900  275.425
1851  792.334  275.522
1852  793.768  275.620
1853  795.205  275.718
1854  796.645  275.815
1855  798.090  275.913
1856  799.543  276.010
1857  801.005  276.108
1858  802.479  276.205
1859  803.965  276.303
1860  805.465  276.400
1861  806.978  276.498
1862  808.504  276.595
1863  810.042  276.692
1864  811.590  276.788
1865  813.147  276.884
1866  814.712  276.980
1867  816.285  277.074
1868  817.863  277.167
1869  819.446  277.259
1870  821.034  277.349
1871  822.627  277.438
1872  824.225  277.526
1873  825.830  277.613
1874  827.445  277.699
1875  829.072  277.784
1876  830.716  277.870
1877  832.381  277.955
1878  834.070  278.040
1879  835.785  278.126
1880  837.529  278.213
1881  839.303  278.299
1882  841.106  278.387
1883  842.938  278.474
1884  844.803  278.561
1885  846.700  278.648
1886  848.634  278.734
1887  850.607  278.819
1888  852.624  278.903
1889  854.687  278.985
1890  856.800  279.065
1891  858.965  279.144
1892  861.190  279.222
1893  863.484  279.299
1894  865.863  279.376
1895  868.348  279.454
1896  870.962  279.533
1897  873.730  279.615
1898  876.673  279.701
1899  879.805  279.790
1900  883.135  279.883
1901  886.660  279.981
1902  890.373  280.084
1903  894.261  280.191
1904  898.312  280.303
1905  902.514  280.421
1906  906.856  280.545
1907  911.332  280.676
1908  915.935  280.814
1909  920.661  280.960
1910  925.502  281.113
1911  930.450  281.274
1912  935.497  281.442
1913  940.634  281.615
1914  945.851  281.795
1915  951.140  281.979
1916  956.495  282.167
1917  961.910  282.358
1918  967.380  282.551
1919  972.901  282.748
1920  978.467  282.945
1921  984.071  283.145
1922  989.707  283.345
1923  995.366  283.546
1924 1001.038  283.747
1925 1006.712  283.947
1926 1012.374  284.146
1927 1018.014  284.344
1928 1023.619  284.539
1929 1029.183  284.732
1930 1034.701  284.923
1931 1040.173  285.111
1932 1045.604  285.298
1933 1051.002  285.483
1934 1056.380  285.667
1935 1061.751  285.852
1936 1067.132  286.038
1937 1072.536  286.227
1938 1077.976  286.419
1939 1083.466  286.615
1940 1089.016  286.816
1941 1094.643  287.022
1942 1100.365  287.231
1943 1106.210  287.445
1944 1112.214  287.663
1945 1118.422  287.883
1946 1124.884  288.107
1947 1131.649  288.333
1948 1138.760  288.562
1949 1146.245  288.792
1950 1154.121  289.025
1951 1162.386  289.260
1952 1171.033  289.497
1953 1180.049  289.738
1954 1189.426  289.984
1955 1199.166  290.236
1956 1209.276  290.496
1957 1219.772  290.765
1958 1230.668  291.046
1959 1241.976  291.340
1960 1253.695  291.647
1961 1265.812  291.969
1962 1278.308  292.304
1963 1291.156  292.654
1964 1304.332  293.019
1965 1317.815  293.401
1966 1331.591  293.802
1967 1345.653  294.223
1968 1359.994  294.667
1969 1374.606  295.134
1970 1389.477  295.625
1971 1404.584  296.139
1972 1419.898  296.676
1973 1435.379  297.235
1974 1450.981  297.815
1975 1466.652  298.416
1976 1482.343  299.037
1977 1498.005  299.678
1978 1513.597  300.341
1979 1529.084  301.024
1980 1544.434  301.728
1981 1559.619  302.450
1982 1574.599  303.188
1983 1589.320  303.938
1984 1603.709  304.698
1985 1617.671  305.461
1986 1631.098  306.223
1987 1643.880  306.980
1988 1655.923  307.728
1989 1667.160  308.465
1990 1677.558  309.189
1991 1687.119  309.899
1992 1695.871  310.597
1993 1703.860  311.285
1994 1711.137  311.967
1995 1717.753  312.646
1996 1723.761  313.326
1997 1729.229  314.012
1998 1734.250  314.705
1999 1738.951  315.409
2000 1743.495  316.124
2001 1748.073  316.851
2002 1752.879  317.588
2003 1758.084  318.334
2004 1763.814  319.087
2005 1769.868  319.893
2006 1776.036  320.684
2007 1782.573  321.490
2008 1789.620  322.304
2009 1797.331  323.132
2010 1805.814  323.973
2011 1815.115  324.827
2012 1825.211  325.694
2013 1836.019  326.572
2014 1847.421  327.458
2015 1859.297  328.350
2016 1871.556  329.246
2017 1884.147  330.144
2018 1897.060  331.044
2019 1910.313  331.943
2020 1923.928  332.843
2021 1937.910  333.743
2022 1952.237  334.644
2023 1966.855  335.544
2024 1981.681  336.446
2025 1996.611  337.350
2026 2011.529  338.258
2027 2026.319  339.172
2028 2040.874  340.094
2029 2055.105  341.026
2030 2068.955  341.970
2031 2082.402  342.926
2032 2095.457  343.894
2033 2108.151  344.873
2034 2120.522  345.861
2035 2132.594  346.857
2036 2144.355  347.861
2037 2155.765  348.873
2038 2166.754  349.894
2039 2177.246  350.926
2040 2187.183  351.970
2041 2196.545  353.026
2042 2205.348  354.093
2043 2213.641  355.170
2044 2221.485  356.253
2045 2228.919  357.337
2046 2235.942  358.417
2047 2242.511  359.487
2048 2248.545  360.543
2049 2253.953  361.578
2050 2258.664  362.590
2051 2262.653  363.578
2052 2265.946  364.543
2053 2268.614  365.487
2054 2270.753  366.414
2055 2272.446  367.330
2056 2273.744  368.238
2057 2274.655  369.142
2058 2275.150  370.043
2059 2275.175  370.943
2060 2274.689  371.843
2061 2273.677  372.743
2062 2272.165  373.643
2063 2270.216  374.543
2064 2267.927  375.441
2065 2265.403  376.337
2066 2262.747  377.229
2067 2260.049  378.115
2068 2257.376  378.993
2069 2254.774  379.861
2070 2252.270  380.717
2071 2249.876  381.561
2072 2247.587  382.393
2073 2245.395  383.214
2074 2243.285  384.026
2075 2241.246  384.830
2076 2239.273  385.626
2077 2237.367  386.414
2078 2235.537  387.193
2079 2233.793  387.961
2080 2232.144  388.717
2081 2230.593  389.461
2082 2229.139  390.193
2083 2227.777  390.915
2084 2226.502  391.629
2085 2225.320  392.337
2086 2224.245  393.041
2087 2223.308  393.743
2088 2222.542  394.443
2089 2221.985  395.143
2090 2221.663  395.843
2091 2221.584  396.543
2092 2221.738  397.242
2093 2222.093  397.937
2094 2222.603  398.625
2095 2223.217  399.301
2096 2223.881  399.952
2097 2224.560  400.578
2098 2225.205  401.154
2099 2225.855  401.726
2100 2226.363  402.171
2101 2227.131  402.843
2102 2227.131  402.843
2103 2227.131  402.843
2104 2227.131  402.843
2105 2227.131  402.843
2106 2227.131  402.843
2107 2227.131  402.843
2108 2227.131  402.843
2109 2227.131  402.843
2110 2227.131  402.843
2111 2227.131  402.843
2112 2227.131  402.843
2113 2227.131  402.843
2114 2227.131  402.843
2115 2227.131  402.843
2116 2227.131  402.843
2117 2227.131  402.843
2118 2227.131  402.843
2119 2227.131  402.843
2120 2227.131  402.843
2121 2227.131  402.843
2122 2227.131  402.843
2123 2227.131  402.843
2124 2227.131  402.843
2125 2227.131  402.843
2126 2227.131  402.843
2127 2227.131  402.843
2128 2227.131  402.843
2129 2227.131  402.843
2130 2227.131  402.843
2131 2227.131  402.843
2132 2227.131  402.843
2133 2227.131  402.843
2134 2227.131  402.843
2135 2227.131  402.843
2136 2227.131  402.843
2137 2227.131  402.843
2138 2227.131  402.843
2139 2227.131  402.843
2140 2227.131  402.843
2141 2227.131  402.843
2142 2227.131  402.843
2143 2227.131  402.843
2144 2227.131  402.843
2145 2227.131  402.843
2146 2227.131  402.843
2147 2227.131  402.843
2148 2227.131  402.843
2149 2227.131  402.843
2150 2227.131  402.843
2151 2227.131  402.843
2152 2227.131  402.843
2153 2227.131  402.843
2154 2227.131  402.843
2155 2227.131  402.843
2156 2227.131  402.843
2157 2227.131  402.843
2158 2227.131  402.843
2159 2227.131  402.843
2160 2227.131  402.843
2161 2227.131  402.843
2162 2227.131  402.843
2163 2227.131  402.843
2164 2227.131  402.843
2165 2227.131  402.843
2166 2227.131  402.843
2167 2227.131  402.843
2168 2227.131  402.843
2169 2227.131  402.843
2170 2227.131  402.843
2171 2227.131  402.843
2172 2227.131  402.843
2173 2227.131  402.843
2174 2227.131  402.843
2175 2227.131  402.843
2176 2227.131  402.843
2177 2227.131  402.843
2178 2227.131  402.843
2179 2227.131  402.843
2180 2227.131  402.843
2181 2227.131  402.843
2182 2227.131  402.843
2183 2227.131  402.843
2184 2227.131  402.843
2185 2227.131  402.843
2186 2227.131  402.843
2187 2227.131  402.843
2188 2227.131  402.843
2189 2227.131  402.843
2190 2227.131  402.843
2191 2227.131  402.843
2192 2227.131  402.843
2193 2227.131  402.843
2194 2227.131  402.843
2195 2227.131  402.843
2196 2227.131  402.843
2197 2227.131  402.843
2198 2227.131  402.843
2199 2227.131  402.843
2200 2227.131  402.843
2201 2227.131  402.843
2202 2227.131  402.843
2203 2227.131  402.843
2204 2227.131  402.843
2205 2227.131  402.843
2206 2227.131  402.843
2207 2227.131  402.843
2208 2227.131  402.843
2209 2227.131  402.843
2210 2227.131  402.843
2211 2227.131  402.843
2212 2227.131  402.843
2213 2227.131  402.843
2214 2227.131  402.843
2215 2227.131  402.843
2216 2227.131  402.843
2217 2227.131  402.843
2218 2227.131  402.843
2219 2227.131  402.843
2220 2227.131  402.843
2221 2227.131  402.843
2222 2227.131  402.843
2223 2227.131  402.843
2224 2227.131  402.843
2225 2227.131  402.843
2226 2227.131  402.843
2227 2227.131  402.843
2228 2227.131  402.843
2229 2227.131  402.843
2230 2227.131  402.843
2231 2227.131  402.843
2232 2227.131  402.843
2233 2227.131  402.843
2234 2227.131  402.843
2235 2227.131  402.843
2236 2227.131  402.843
2237 2227.131  402.843
2238 2227.131  402.843
2239 2227.131  402.843
2240 2227.131  402.843
2241 2227.131  402.843
2242 2227.131  402.843
2243 2227.131  402.843
2244 2227.131  402.843
2245 2227.131  402.843
2246 2227.131  402.843
2247 2227.131  402.843
2248 2227.131  402.843
2249 2227.131  402.843
2250 2227.131  402.843
2251 2227.131  402.843
2252 2227.131  402.843
2253 2227.131  402.843
2254 2227.131  402.843
2255 2227.131  402.843
2256 2227.131  402.843
2257 2227.131  402.843
2258 2227.131  402.843
2259 2227.131  402.843
2260 2227.131  402.843
2261 2227.131  402.843
2262 2227.131  402.843
2263 2227.131  402.843
2264 2227.131  402.843
2265 2227.131  402.843
2266 2227.131  402.843
2267 2227.131  402.843
2268 2227.131  402.843
2269 2227.131  402.843
2270 2227.131  402.843
2271 2227.131  402.843
2272 2227.131  402.843
2273 2227.131  402.843
2274 2227.131  402.843
2275 2227.131  402.843
2276 2227.131  402.843
2277 2227.131  402.843
2278 2227.131  402.843
2279 2227.131  402.843
2280 2227.131  402.843
2281 2227.131  402.843
2282 2227.131  402.843
2283 2227.131  402.843
2284 2227.131  402.843
2285 2227.131  402.843
2286 2227.131  402.843
2287 2227.131  402.843
2288 2227.131  402.843
2289 2227.131  402.843
2290 2227.131  402.843
2291 2227.131  402.843
2292 2227.131  402.843
2293 2227.131  402.843
2294 2227.131  402.843
2295 2227.131  402.843
2296 2227.131  402.843
2297 2227.131  402.843
2298 2227.131  402.843
2299 2227.131  402.843
2300 2227.131  402.843
